+--------------+-------------+----------+------------+-----------+
| Class        | Precision   | Recall   |   F1-Score | Support   |
+==============+=============+==========+============+===========+
| 0            | 0.97        | 1.00     |       0.98 | 96.0      |
+--------------+-------------+----------+------------+-----------+
| 1            | 0.97        | 1.00     |       0.98 | 96.0      |
+--------------+-------------+----------+------------+-----------+
| 10           | 0.97        | 0.90     |       0.93 | 93.0      |
+--------------+-------------+----------+------------+-----------+
| 11           | 0.97        | 0.97     |       0.97 | 97.0      |
+--------------+-------------+----------+------------+-----------+
| 12           | 0.97        | 0.97     |       0.97 | 96.0      |
+--------------+-------------+----------+------------+-----------+
| 13           | 0.97        | 0.98     |       0.97 | 96.0      |
+--------------+-------------+----------+------------+-----------+
| 14           | 0.96        | 1.00     |       0.98 | 97.0      |
+--------------+-------------+----------+------------+-----------+
| 15           | 1.00        | 0.99     |       0.99 | 95.0      |
+--------------+-------------+----------+------------+-----------+
| 16           | 0.99        | 0.98     |       0.98 | 94.0      |
+--------------+-------------+----------+------------+-----------+
| 17           | 0.99        | 0.97     |       0.98 | 93.0      |
+--------------+-------------+----------+------------+-----------+
| 18           | 0.99        | 0.96     |       0.97 | 94.0      |
+--------------+-------------+----------+------------+-----------+
| 19           | 1.00        | 0.97     |       0.98 | 94.0      |
+--------------+-------------+----------+------------+-----------+
| 2            | 1.00        | 1.00     |       1    | 98.0      |
+--------------+-------------+----------+------------+-----------+
| 20           | 0.95        | 0.98     |       0.96 | 82.0      |
+--------------+-------------+----------+------------+-----------+
| 21           | 0.97        | 0.98     |       0.97 | 97.0      |
+--------------+-------------+----------+------------+-----------+
| 22           | 0.99        | 0.99     |       0.99 | 90.0      |
+--------------+-------------+----------+------------+-----------+
| 23           | 0.94        | 0.94     |       0.94 | 77.0      |
+--------------+-------------+----------+------------+-----------+
| 24           | 1.00        | 0.98     |       0.99 | 93.0      |
+--------------+-------------+----------+------------+-----------+
| 25           | 0.94        | 0.99     |       0.96 | 75.0      |
+--------------+-------------+----------+------------+-----------+
| 3            | 1.00        | 0.98     |       0.99 | 96.0      |
+--------------+-------------+----------+------------+-----------+
| 4            | 0.97        | 0.97     |       0.97 | 90.0      |
+--------------+-------------+----------+------------+-----------+
| 5            | 0.99        | 1.00     |       0.99 | 93.0      |
+--------------+-------------+----------+------------+-----------+
| 6            | 0.99        | 0.98     |       0.98 | 90.0      |
+--------------+-------------+----------+------------+-----------+
| 7            | 0.97        | 0.98     |       0.97 | 91.0      |
+--------------+-------------+----------+------------+-----------+
| 8            | 0.97        | 0.99     |       0.98 | 88.0      |
+--------------+-------------+----------+------------+-----------+
| 9            | 1.00        | 0.99     |       0.99 | 98.0      |
+--------------+-------------+----------+------------+-----------+
| Accuracy     |             |          |       0.98 |           |
+--------------+-------------+----------+------------+-----------+
| macro avg    | 0.98        | 0.98     |       0.98 | 2399.0    |
+--------------+-------------+----------+------------+-----------+
| weighted avg | 0.98        | 0.98     |       0.98 | 2399.0    |
+--------------+-------------+----------+------------+-----------+